523
3948
686
7026
1271
6854
6631
7278
3786
4434
1266
979
215
1198
7106
7520
5977
2896
597
5696
6076
5983
7425
4334
5497
2645
7385
3357
5832
4060
4804
4659
2009
4797
3854
6123
432
377
2938
7880
1417
3475
7266
914
4001
5906
5428
902
3437
5412
7745
2332
2936
4409
623
8176
2679
931
3160
1136
5349
3343
4024
5306
1822
413
3080
3780
6070
4793
1800
3904
6378
6911
6021
555
8212
2110
4014
7232
7231
5630
3278
1341
6717
6352
3418
3592
2744
7235
5677
1042
7336
3215
4662
6623
6235
6940
3613
8034
2976
6345
7691
521
3560
1818
982
6319
5297
113
2675
6039
5715
6276
5969
6477
3600
2100
437
1575
1513
5558
7633
2059
2563
905
4857
4773
7788
7436
4465
4472
8066
4198
8215
1836
3172
3201
4487
6735
1804
4935
5132
6346
3535
4114
1280
7956
3039
1649
130
1069
4989
1485
2403
5956
87
3728
1885
6156
8186
6811
7072
2402
2076
6804
3300
554
7096
445
4499
6402
5834
4855
3364
1043
7673
5818
189
7663
4628
3872
7946
122
4495
6556
1519
8019
6596
4686
936
5632
4177
5407
72
4003
7178
455
653
1175
2602
2044
1494
1168
3187
3010
7542
2797
3643
3443
8005
172
6068
1568
5126
5374
4337
479
7750
5439
4678
8177
5978
8206
4124
7044
323
1191
7319
4042
6280
6321
535
6691
1598
38
5622
4718
3203
8122
7729
1758
7049
6216
5172
1138
1705
2277
574
585
4810
3602
3102
6882
7263
4492
6195
3690
548
4870
4298
6981
6199
2223
2004
7516
5779
2698
2748
6805
459
8091
2211
6393
6411
899
4043
8228
4500
7199
4732
5447
1452
1283
4778
4738
4997
1826
444
1908
3286
6786
7796
3032
4604
765
5841
1903
3383
8046
572
3066
5396
3510
318
2423
6610
1269
697
1557
942
4753
7020
4093
3867
5085
7850
2183
4263
927
1193
3469
6161
7868
7908
878
693
7446
5656
7974
7437
3890
7702
2445
7492
1132
3589
5836
7405
6041
7354
2729
2939
813
3969
6601
1005
236
731
1862
2397
1514
84
972
536
7067
7462
1170
4976
451
3938
4446
6142
5341
5158
7269
142
2898
5638
6559
1331
7498
484
1395
7435
7077
2427
5146
3662
5006
3906
5942
732
3874
373
994
420
3621
4845
1029
2799
6704
5538
4279
4147
5028
4685
866
6027
636
329
8192
5434
3247
2420
5134
4786
1994
3118
4132
4207
3111
4423
3293
6995
2969
2994
5312
136
5162
5484
1411
1639
1742
908
7362
6245
5556
4206
5804
8043
5166
6484
6855
1801
2289
6338
4331
7171
6707
408
4868
7145
201
7484
5139
2836
1310
2456
909
6413
7209
3072
2912
656
4215
2005
3952
1991
2913
6738
3349
1986
6066
1763
1019
2082
4422
1661
7025
1839
6615
2304
1662
858
1335
2570
6619
5828
644
4382
4592
1326
4661
2349
1680
4757
143
6949
7143
1343
4288
3782
1527
3091
3523
2717
5046
2852
2809
7609
8053
320
4038
3440
1586
8064
8082
7299
1458
6151
3054
6121
4000
5722
2268
599
4405
5604
7740
6808
5441
3307
7155
7398
710
5869
1145
5339
6166
3228
1150
5250
4747
5504
2648
3467
1847
3586
4835
2474
5064
1303
6119
1285
4561
2333
4225
3701
5059
5269
4509
516
7190
2471
2711
6785
4086
7196
3088
3480
407
8238
5331
3104
4483
6765
3962
889
3188
8039
1978
2915
7470
779
3434
8183
1761
5843
6848
4529
6033
4035
2968
7962
4006
3844
4218
3609
4284
4877
5202
900
3192
4995
5651
5337
787
6050
5985
103
4864
1608
5112
3672
2119
588
469
2610
1653
6152
5910
3975
5120
5531
3985
6726
5223
5593
2663
6042
4340
1121
5265
5189
3767
3839
764
179
2329
4745
4079
7977
1176
1578
7119
1811
2484
5745
2575
4611
1693
4056
1684
1889
5043
5685
7859
6383
4945
4077
6400
5307
6590
795
6873
7864
7391
682
2487
4980
2093
4602
4205
1118
1834
3928
3367
7396
5358
1025
2954
3288
5119
6085
4168
2709
1140
3250
5532
1068
7370
2442
2562
3368
8006
5561
1049
6737
2233
5359
1319
4104
6748
2687
5979
1299
7530
8233
1777
4962
7818
2671
5459
1348
6320
4630
7848
238
7758
7997
3617
7104
2080
2620
941
3916
7780
7219
40
3115
3578
4756
7032
4073
6032
1151
7201
2707
5660
5952
3869
2731
4859
6362
3529
6222
3448
7875
5615
4069
4303
2704
6713
7862
6953
4961
3750
875
1541
3501
2375
5130
3344
4973
8191
7127
3971
7084
1841
7329
5583
7144
1009
2943
2907
6875
6924
1265
4996
3427
7659
7003
321
1624
2962
4100
877
1158
4281
3917
6822
3514
1131
5858
3558
5449
1154
8041
5792
626
4784
5282
2195
1230
7202
5452
4156
1669
98
6722
1064
4392
5068
5148
3164
7241
1330
1349
1410
6511
2495
5077
3424
7046
5278
1651
3828
6983
3391
3371
2921
2874
6960
5084
8264
6391
2647
2361
4078
631
2242
291
730
6598
4154
5118
5425
4866
1633
6614
7126
1864
3169
4033
6040
4090
4699
159
4615
5051
2111
1457
2655
1389
4418
3207
5514
2613
2451
1237
7769
7200
6743
2433
8180
5847
915
4426
1743
7251
6165
5916
2542
5276
718
5003
6463
1812
2440
4812
4652
1691
2390
4023
4412
7335
4012
1979
974
3412
3481
2428
6262
4184
894
105
717
762
6729
3811
6026
2227
6708
2118
6353
1217
4664
4558
4374
6146
3951
2155
1769
1327
4590
3366
2042
5759
5568
3779
7574
5886
3425
6277
7306
3184
3036
452
5932
383
3816
7794
457
3132
707
766
4887
2081
2607
1888
6326
1169
3679
1258
6328
541
6185
146
5220
6747
1381
1171
7598
1961
592
1398
1209
7966
7749
6595
6459
4680
6
1714
7137
5781
1969
2842
5281
4588
7993
1464
6457
2941
6943
7161
1489
6812
662
3223
5936
4335
7192
6985
8146
6318
5743
499
2257
2822
5949
6234
158
5727
7768
2201
5635
4619
2331
2763
353
425
7947
5958
3073
5080
7058
7937
1279
6089
8217
1115
703
6586
6942
4566
1365
4902
558
3170
1337
326
85
4453
4176
8054
5016
81
3603
5750
1493
5215
1523
5535
68
6996
2626
5657
5054
7432
5777
2705
7978
7565
5426
7417
5020
2512
4979
5355
6331
2930
3866
5325
7714
4437
6878
6626
8216
3923
50
7215
8080
4687
6360
3703
3724
7410
4795
1387
2084
3704
4641
1065
5236
5970
4574
7878
4140
3823
5198
7297
7549
4054
2185
3464
522
6639
7643
5041
1700
514
4741
1599
6560
6730
7614
2595
3801
5999
1630
7468
3426
7987
3798
6604
1236
3697
4095
1655
343
612
1909
4376
1791
645
5444
7558
2409
3722
7957
7819
5898
2560
5108
2170
1934
7999
2272
2238
4789
2138
4255
5761
3857
6723
345
4102
4074
2366
4236
2777
776
1879
7302
3743
1290
746
2389
950
4623
1460
552
3720
6198
6956
918
5686
2574
6344
2455
1982
7004
2834
3829
289
3023
1899
5550
5212
2295
8029
1964
191
7217
66
5976
6550
758
1895
1857
3077
6363
1021
2305
6358
2659
642
3576
7271
4324
7587
6673
619
3536
6957
2008
7191
7313
47
8265
4473
6460
1988
3504
7954
1803
6527
3232
6766
4993
7817
5652
4181
806
6523
1867
5164
6113
641
5527
5301
7909
6286
3520
1859
5953
3193
428
5662
1099
7505
3654
6910
1638
5596
3564
3932
5981
7052
2182
6213
970
4854
5560
1821
1033
2583
2577
2650
6397
487
1428
3106
5703
3755
4665
5887
4822
79
834
1251
2965
938
5214
2047
5319
1197
510
5871
4456
8241
3544
5356
2611
4133
5756
5861
4927
241
5025
4377
6424
2996
7958
3121
7463
3825
2644
3100
932
8132
7342
5318
3408
7965
403
6098
5888
8227
7252
934
7364
2947
7330
7697
6309
1593
6108
3612
6901
6564
2139
2712
5014
7715
8255
1461
8000
550
1884
5688
1959
6236
2764
7124
453
807
2345
3597
392
3752
1880
4106
7836
7166
7305
8262
7160
1951
6483
6051
362
6736
7133
6603
1046
4748
3385
2066
2314
7068
7779
4787
1827
3403
991
1886
4637
3628
1591
6322
879
5864
3484
6427
2073
5579
208
1971
219
5038
568
3587
2460
4346
2502
669
7642
8098
3229
4055
4860
5613
3491
6870
6775
3585
1315
8069
3197
3314
1447
1143
3574
2716
4707
6923
7138
270
5383
6285
8074
6815
4873
5940
5526
2209
5806
1787
1747
4649
2116
3152
207
7812
2998
1815
5002
4440
4148
1708
1124
3552
7551
4544
2347
183
3966
3830
3851
5895
3808
482
6884
2529
8154
6274
2894
511
6253
949
6155
6840
3298
6526
6071
1798
3921
443
2873
7636
4059
5809
916
1208
2690
6470
6167
3015
2143
4320
5364
4843
495
2108
1262
3406
2825
7424
2900
6819
728
1556
8236
3064
6763
6302
7939
8008
925
5892
3421
624
2543
5512
6931
7950
3374
138
1380
1013
5637
913
8223
7489
1896
3749
3681
6959
1250
3987
2475
2703
2819
5675
2886
4968
3551
3518
1654
203
4325
1096
5098
1112
7012
1313
4831
3655
3858
5201
2526
2141
2401
4357
2
4209
5034
2075
1688
107
5261
2823
6129
3546
2011
4126
2776
5
467
3855
6416
4063
4703
1511
926
6841
953
4721
3659
1219
6443
3135
5571
1632
6507
5471
369
6958
2228
1682
1320
2477
3550
7985
1206
569
2810
4731
4272
4192
1306
4224
6797
5592
2697
4978
91
5823
1413
7670
1980
4660
3667
635
5170
2072
1710
300
6481
867
4675
2412
2164
5967
4327
3918
7732
6893
6499
3037
8067
1173
6579
4240
5275
1002
2522
205
1828
1294
1563
6928
6428
5830
3954
416
2308
6036
4330
2031
222
3796
305
1685
3741
4958
5024
2323
1738
3792
2642
2065
1571
6351
5528
5391
3186
4780
6557
5826
5824
2791
4082
492
2905
7540
2234
1073
1177
192
7824
6828
7040
6045
43
7527
5683
3389
7569
1756
7797
1235
6081
3500
1416
5594
2485
3019
5567
959
7539
5045
1643
1309
7572
7148
6311
6138
2956
615
2463
771
6441
7898
247
3061
6447
5716
6203
3375
1092
7345
2832
3601
4553
781
6238
1530
4268
7741
5082
7906
4262
3059
6820
5540
1937
7125
2817
8079
4567
4814
6864
7400
7599
154
7548
4760
6865
102
4994
6641
754
4166
5639
4575
565
977
7377
8158
2749
646
2922
2983
726
6468
1954
4525
8221
3967
4896
5116
7346
4275
5549
2336
4763
5684
1686
4916
2503
3479
2148
2165
2785
4452
608
2121
6534
2267
1373
6721
2294
2282
5814
3509
7879
1045
7578
6757
4285
7109
8143
6395
7635
6486
2026
4120
6915
1135
7118
783
957
2737
7677
7070
3244
4436
3338
2643
7504
6622
1583
5427
8149
4774
1047
2658
4018
2259
4317
1861
221
4570
4942
4444
7208
5369
7121
296
1286
5244
7707
1147
6130
8114
1707
4363
6374
45
4842
4089
4702
7387
5868
960
6452
3485
8171
6305
5370
2424
6467
6779
6644
7506
3991
7349
7902
4559
6418
3166
7701
436
664
20
4004
2899
6325
661
2992
1339
5372
929
7910
6478
3420
5373
3865
3175
8178
3806
3599
272
6689
2274
5121
8068
5035
1640
3473
2300
1166
2596
4482
1312
7934
1597
7413
6546
3581
4219
3949
3726
4543
8161
5226
841
2255
2963
4939
3789
1041
7445
5343
5399
4286
3354
5599
4502
2641
2275
5299
4672
169
2358
3561
2371
1531
7816
2039
8129
860
8023
6794
5070
8118
7373
6919
7727
7650
4229
3086
7922
1459
7493
4648
5896
5732
7583
670
6417
108
4766
5621
3873
3209
3761
4138
2459
6740
5135
7523
6656
2751
4496
8256
4977
2338
7567
4173
4612
1383
1999
1849
862
49
2411
7575
2673
3488
4187
4573
6583
3217
3533
5606
3505
6750
4232
147
1053
5181
863
4258
8173
5217
2145
1538
3629
7613
6725
1673
4708
5190
2958
7310
1590
1770
331
3081
8263
7929
1072
6732
2278
2652
5536
7538
4549
3126
2060
2634
6231
4475
7568
5938
6989
2405
6038
2501
6284
1382
7698
2438
4350
1483
2290
5747
4201
6600
7806
1906
1486
3563
2565
5647
3087
1107
2181
3414
8190
2608
4497
757
5432
1354
5909
3255
1034
5466
2157
2882
4430
5385
30
1476
1570
1375
1929
3460
6632
4985
7991
8121
4294
4946
663
2978
5664
3902
4248
1610
5232
6825
496
5061
2430
4883
3235
1421
5863
939
530
6833
7982
2839
8231
5242
6509
5922
7159
4195
217
5723
5782
3939
390
5247
865
2639
921
8144
7753
5995
6580
984
3373
2114
573
6926
3658
2876
112
1627
8210
7994
4222
5672
322
7309
1825
1720
3456
7519
7761
4801
3051
115
4853
5962
4512
2866
7626
6951
44
4276
1117
1802
7087
768
2615
4669
7283
3877
1095
2859
5929
7557
7179
1658
7180
7620
2216
2046
8038
7884
1060
6407
5461
7528
2708
2691
7595
298
5191
3791
3329
6172
5057
6062
3449
5748
4185
426
8031
294
1093
3596
7338
4858
4879
6917
42
5450
1623
7843
5420
6515
904
4865
4511
2541
2410
5833
1647
4031
3699
3788
3459
6381
3569
5557
3611
2662
1965
7369
2604
4178
5218
691
4458
4999
638
1622
4425
6508
2985
1172
1104
1881
7440
947
8208
5848
2370
5516
5000
7696
1443
3097
1202
7018
4647
1809
7531
1932
5065
7065
6963
4821
2988
1026
1455
2628
8060
7154
2927
4355
2161
3297
5106
8044
6739
6616
2504
2527
213
7511
7810
3238
5209
6412
6561
6719
604
6573
5948
7963
4052
7920
7980
1532
2637
3124
1728
1918
851
2483
3680
618
6462
7694
7220
3957
2546
6237
2188
6405
2414
6308
5700
3260
4806
6037
4727
4889
3626
5433
3465
1870
2653
7029
6434
3994
5140
6927
2058
1604
7443
6270
2816
7483
5482
2340
2492
1600
3272
1207
266
2021
7397
2395
7239
117
2315
8027
3922
1953
1734
8246
4362
3085
3214
4862
5539
4349
502
342
4817
5245
5565
4609
7660
7009
2376
8109
5243
7204
3736
5213
2437
4016
4128
3688
3345
256
1228
7552
2821
5725
3524
8198
88
917
937
8252
6716
1561
7174
5221
7890
5451
6890
2074
2974
4065
1120
5668
5975
6829
3089
7259
182
4226
7510
5870
7247
1204
3984
6838
2909
3181
6177
6799
1764
3016
6528
533
2112
1808
797
6544
688
7828
1775
7971
7080
1512
7066
5110
4682
1927
3453
1719
7421
2203
602
3757
2945
478
363
267
4336
4455
447
3930
2476
3715
7866
7804
3937
6266
242
7162
7586
2942
7655
1038
4153
5822
2449
4451
4348
5136
2760
6267
8081
3644
1878
6834
2506
4792
7532
6787
5941
3248
327
2022
2979
1031
8126
7995
8045
2843
4367
2200
3446
5894
1218
1374
5183
399
301
655
6733
6299
640
7674
6256
6806
6894
3836
6088
4598
361
7101
727
7071
4881
2706
4326
6620
367
5408
4970
2439
515
3845
4149
2840
6421
4532
4677
7605
4467
5878
1347
2392
6124
2404
134
643
3908
4278
4761
7566
6148
7333
1551
1057
1308
2510
3382
2682
234
3277
1621
28
4679
430
3784
8125
6727
1028
4183
4930
891
7056
485
2869
3157
5458
493
3289
679
7316
6047
3198
5222
170
2863
7570
7401
4651
6092
6046
6196
7672
1967
6686
3472
3183
1771
4267
5287
7374
989
2918
4011
1213
6903
773
2265
4600
3528
5798
5595
4083
1087
7722
5730
2150
4515
4385
7358
1897
132
6886
5314
2665
7821
4940
5317
6219
5240
6650
8185
7860
1108
5666
2095
7711
6718
7073
4427
6922
561
7709
5990
5711
7257
6449
7028
708
3291
5224
6642
7689
6501
4948
3941
1056
6796
1462
5523
7933
1580
2812
3653
6585
481
538
2902
2919
4722
2715
7808
3682
1855
3372
5591
2354
5899
5332
4270
1504
6753
7242
4964
1023
4136
4387
2001
4667
352
5495
200
3562
6474
2770
4032
7529
3267
4431
2861
8020
5354
4447
2714
8061
1342
2820
2194
7098
405
7760
6535
774
2064
7826
5454
613
5258
3101
8164
3283
3381
389
997
5274
2088
6480
3848
3190
35
3519
3567
1247
1475
7708
895
5786
2263
150
3321
3076
3955
3305
2771
412
7447
3588
4438
3531
6141
5494
304
5663
6895
6997
3399
3696
1535
6500
5496
3580
3693
7704
7494
6506
4432
4849
6001
676
1101
6657
6371
6084
1437
3721
6599
6876
4522
723
2950
8194
2916
78
7913
2759
4375
8160
7533
5608
2197
5880
2035
4143
545
5437
5654
3900
7152
7815
4068
1386
2767
5816
2291
6403
1759
4582
7427
4580
5115
961
4819
1948
7703
5152
348
124
668
956
2469
698
4253
2337
7717
5273
303
3896
3236
2536
995
5304
3989
7739
2519
2385
5157
7473
7419
6694
3436
6611
3309
8026
1360
3999
3963
1305
8242
6542
2884
5518
3233
799
2481
1993
1288
6171
998
7360
4607
69
5381
7625
2301
3153
3817
6577
4507
6188
742
4776
4955
3838
2680
7774
7303
5920
1356
2131
1471
3468
967
2464
3702
3031
4546
3325
358
4900
360
2847
969
2605
3642
7720
1730
3810
1270
1690
7534
5229
6646
6607
4228
8124
3635
6700
1648
4237
7298
2696
5749
4934
7495
7930
378
2381
2551
647
8232
1832
2117
817
4196
4663
7604
1723
1660
6473
1391
8249
4108
7832
3457
5175
6771
7428
2699
5502
347
620
6904
2258
2446
2261
6945
7687
269
7416
4477
4490
3004
4022
7086
2061
2600
4692
4463
8193
2454
8048
5964
8259
7802
6970
3182
720
3677
4310
2012
2586
978
8243
5580
8159
4380
5573
3450
4439
7041
1291
4244
828
3759
4361
1952
2910
7743
6432
3935
5436
5060
7748
6680
7639
4644
5739
5644
1098
3231
1754
3130
1317
1596
3980
5566
5330
3669
3925
1865
3787
2105
1925
8145
4705
3986
1334
2246
5037
1706
5153
6803
7951
6096
5309
6375
4211
7487
8093
1697
3579
3331
517
7051
7543
7852
816
7576
3242
1963
5393
5800
706
4413
5362
3324
7688
7747
4321
4051
3079
4347
6634
6176
5718
5326
3783
2015
8184
6458
6126
4445
1351
5620
814
7608
6885
6980
4290
4901
690
3812
3778
2728
1012
7276
2669
6180
5022
6519
5011
1369
5746
2350
2688
6636
3665
3211
4381
3138
7955
6514
4165
1784
3698
6977
3627
5460
3423
5019
5298
5926
3451
1923
118
2618
3302
6422
393
1679
3463
4798
7882
5107
6548
375
5694
5923
7814
2972
1931
5398
4610
3310
3245
1080
6294
7256
5145
2090
5333
7039
571
3946
1548
7439
3785
2356
7392
3875
4808
2757
3631
2179
2070
3970
5763
5697
5522
1240
7213
8226
3573
2955
340
4265
4803
4712
1353
5773
5378
5062
6920
3393
4788
4174
3618
5184
6502
152
4936
89
6967
2024
7194
6802
2689
5701
4597
2167
6731
3691
2793
7153
5182
7331
1440
161
7261
658
394
386
472
566
5884
4983
7350
2443
2566
3139
7175
6257
3200
8251
3005
3945
465
8036
1216
12
8058
5280
5163
7407
1242
4825
6206
4175
3706
7340
5254
8010
1224
1091
277
1998
1913
2609
3570
6792
4674
3411
1278
1125
2023
4084
7131
5076
3568
4847
756
2935
1536
696
962
2676
2342
767
6149
419
954
5758
6569
7351
525
7710
1408
1584
6651
7512
7372
750
7782
1814
1912
7916
1725
6520
3095
2975
7053
4213
7273
3885
743
7799
5931
6409
7840
6181
6120
3120
5971
7973
4057
94
5021
2049
1950
737
5044
5203
4690
6493
1111
7205
111
6683
721
2176
8018
1926
6099
963
808
4017
3071
5927
2486
2887
5946
7099
1014
1977
5707
5266
6908
4127
7612
3674
7959
5293
6075
6187
2761
5957
2808
6252
2269
4163
4111
5031
4576
1325
1350
1552
2166
7402
6380
6633
3913
5772
7304
6163
1399
1668
3330
5755
1129
3444
127
2098
5176
3003
7379
2399
409
3252
8220
6555
6518
1974
7459
849
4550
6643
5167
3261
2355
3410
6017
3998
6627
6243
1178
7149
7411
7700
2593
4504
6255
1672
861
975
2186
6778
1695
6056
4289
5357
6029
2569
3
7465
2091
775
3670
3605
722
6661
4398
2127
2362
1516
5661
4700
6966
1709
5993
4552
4498
229
1074
5788
7267
4087
5893
5827
7193
7546
4629
4164
4358
8239
1277
3196
5124
1916
6800
3919
4723
3686
5279
4008
1894
5066
5766
2489
4151
346
5230
4820
4613
5348
3495
2458
4670
5316
6813
6205
356
1482
7787
528
1466
4833
4364
5342
5435
209
583
4067
3889
7790
2222
8253
1094
955
2369
7607
2191
683
2917
3914
2780
5141
7925
1076
819
5104
5744
6609
56
5465
6994
4277
4750
3342
1500
3020
6668
8032
2523
7287
7279
5508
8182
600
2926
494
4368
2567
1823
5315
6777
382
1229
4754
488
964
6003
2202
1581
1615
2539
6208
5421
6087
3415
6677
5327
489
1543
715
5067
6652
3131
8057
4227
4987
5698
223
3723
5649
5367
7931
1577
1904
7733
6095
840
5455
4579
7490
7390
1749
7851
7996
5576
3661
1807
2298
2856
4614
7136
6618
250
5997
397
5376
2245
6020
2219
6178
7453
5797
1379
262
1088
5087
4818
6162
450
5507
4952
424
8107
1407
3803
3249
7409
2670
7471
3978
354
3306
3730
5069
1838
1307
7024
7248
1079
1003
7665
6469
1225
6438
4518
2931
6645
6174
5338
7562
4852
1819
5590
3790
1116
4751
598
7320
1554
945
3553
2286
32
7645
2631
4316
7935
5713
3048
7778
8115
6539
2490
3997
5404
1900
6217
1358
5196
2208
976
2783
204
1298
3583
8062
125
3320
785
2462
4521
4746
7167
3827
838
5915
5204
175
3590
57
6145
5811
876
5468
7381
6339
4105
6423
449
2893
4448
4998
6355
4061
5602
3416
5891
3070
590
911
2297
260
3155
314
3522
5099
1497
5185
1788
7847
5742
5400
7365
3402
7129
3692
2606
3458
1813
6485
3683
4974
5554
1958
1726
8009
5114
7757
5676
3620
2413
4034
4261
7716
7943
1772
7062
912
8086
2868
4202
3837
5366
7260
3204
3675
4026
7384
3860
2557
7348
283
7738
8168
157
4892
6847
5842
1105
3352
184
4339
897
4342
462
2991
7347
3794
6150
2885
5658
5414
1261
6701
3380
2310
789
5859
4395
527
4915
2079
7027
6810
6078
6516
6491
7275
4071
418
1157
4966
7885
6259
6830
1799
2348
1924
7589
5156
6605
1273
5618
2048
2612
7611
8134
6664
7189
4372
7932
1973
3548
3502
5947
506
4517
7102
3483
3422
3758
5513
2798
614
5912
2538
7341
4129
5972
1780
7834
1607
3813
3727
6214
1745
286
8201
6464
1352
2379
2247
4914
520
6022
7228
1741
579
2107
1617
4882
6974
5350
8230
335
2029
19
2638
2316
3098
6317
6337
6676
2928
5873
7835
6408
7050
6230
2218
7503
745
2253
3909
5422
1153
2964
2488
7623
7455
3625
1473
769
1920
5446
359
802
6744
2914
2154
4688
7500
299
3234
251
7475
4391
3034
235
6153
4110
1393
652
5143
1363
2407
3078
1238
1542
2871
3494
3571
376
1109
2790
7325
4464
5659
7900
145
5353
7641
7555
4028
3256
5477
1664
1805
1877
5197
3594
2113
5173
2352
2692
3163
2623
2391
694
406
2335
6265
2891
7307
4899
1984
2225
4484
5178
6578
1573
3347
3762
2878
992
4539
1160
5704
2043
4867
5917
4037
6846
3413
2507
7237
5251
1844
5161
2911
4297
503
1701
5839
3290
2845
1995
5757
2726
2584
1508
7186
190
3760
2646
2125
627
427
3958
4193
4366
5780
7786
4510
3663
5961
2142
2801
1336
2115
7394
1689
7822
1302
1735
8110
7322
6835
5347
4220
2206
6850
2908
3024
1711
4878
8025
7296
1785
4122
4569
5524
4605
4081
2581
5117
3082
2934
5943
1794
4639
8142
4837
1716
6935
6801
2069
1675
2457
3191
218
1789
202
2657
1340
4053
7014
4717
4123
1282
46
4764
1547
3103
7564
5294
2466
1656
1976
4805
3646
2656
4547
371
5653
3834
836
3173
2101
7585
2951
2995
7412
2775
4535
665
3763
4200
3022
243
3709
786
3270
2156
6741
8209
6000
2867
2244
7618
3246
907
5155
3891
6760
7224
1854
265
4560
1434
4638
7795
5195
490
206
1449
1394
5930
3497
6768
5548
8156
2346
7055
2425
4190
1085
1246
5882
2932
1851
3734
5501
4250
3351
4293
4020
368
7130
4635
5490
3162
3964
5974
6013
2473
6524
8169
2993
2172
3313
5575
4799
1199
3176
5872
4009
4030
3766
7188
4315
1441
7227
7883
1444
4839
2719
4709
7332
3559
5629
187
1435
2762
2232
5125
1344
2256
1997
5149
4555
3212
5322
254
1715
1652
7615
2827
4991
892
5053
7221
6327
2524
7550
1040
5365
7926
7277
2344
1322
5440
6567
7968
4291
4891
1665
6394
7078
4441
1829
3527
144
2953
1481
7602
5464
5081
6532
1323
1603
3336
2374
6877
1254
1843
7165
253
6780
3043
3052
1579
7622
4429
1930
4589
6563
1619
6385
7230
1525
4844
5775
5960
7560
1300
678
3407
7422
4309
5799
2668
986
1433
6025
1477
2686
5699
7328
7042
463
831
2860
6625
8248
7573
5023
2465
3439
7756
5194
2920
1287
3241
5801
7147
2388
6790
2136
3606
4283
2599
4137
4921
3973
483
2137
7632
4790
4681
3308
7141
7766
5853
2831
1468
2718
4714
4827
128
581
5903
6386
7001
3899
501
3884
3285
6640
6448
7669
4724
7891
4466
2129
1249
5821
4606
2262
3221
4112
6497
5883
178
835
2651
563
7300
8075
7983
5705
364
719
4903
5628
2498
2130
3708
6368
8117
7921
923
681
5984
480
7225
3056
7481
1555
1505
5192
1036
8172
2858
5445
3764
4351
1182
6295
6826
6692
6361
5026
5805
7813
2549
4752
6082
1165
1004
2317
5955
4269
7535
1860
4809
2736
7681
8204
846
7177
3225
3045
4730
1289
2284
1412
6335
607
4816
5519
4345
1445
4653
1944
827
7181
6114
6992
6776
2923
2855
6900
2296
4622
6433
357
473
6836
1020
257
8003
404
1618
1737
5267
3216
5193
2633
870
1316
2661
4739
3595
6410
5233
1226
123
5963
3405
7120
1450
7969
1928
423
6857
2190
8111
5380
6932
5071
3775
4478
5762
7904
5481
2292
6356
5032
2393
2624
7522
7683
5289
4047
3498
1388
4908
3565
6446
601
6937
6223
3156
3292
3038
5423
7059
2786
4212
4734
2377
3623
829
7952
3673
273
2480
4503
4134
5005
1030
5642
1446
3725
3638
3772
7837
2249
2160
5679
3470
2587
6204
7581
5965
5850
6139
6746
6582
1142
4271
319
801
616
2146
567
3641
6658
4474
7579
534
22
7627
365
3226
8071
7482
8011
519
1141
1748
2572
2373
2865
2588
6845
729
276
4480
3476
2937
195
439
5934
4770
5199
4698
1498
7393
3240
1264
6249
1024
844
3556
75
4180
3664
542
4617
2478
6505
3365
4636
4199
2470
51
782
2750
7684
4928
1071
275
4584
2594
2667
6629
171
4390
4601
5802
5262
5336
1796
4906
4929
7640
6898
1631
4402
6207
1061
83
153
582
1852
1010
3417
4010
2621
5559
3894
5795
3012
7406
518
7457
526
4514
2654
733
7430
5012
6844
1524
5751
5375
2830
7246
1102
7588
10
848
543
4554
468
2517
4963
5300
6303
2224
5470
5600
1355
3218
4642
3871
2441
2616
5721
4305
1981
3993
4125
5100
4469
2505
29
3068
5296
7877
8213
4214
4779
5631
398
4159
654
2168
3584
8152
1506
5073
6031
497
999
529
6482
6690
5734
3011
1840
2598
4170
7485
1431
4694
53
7323
6300
6233
7021
7984
7876
7791
1364
5186
2589
5257
4369
2266
7043
674
4287
1362
1574
531
3947
5597
7095
3318
8042
2360
6543
4548
2982
575
1837
7334
86
5992
5004
131
7593
4759
7917
6396
6859
1148
6889
1766
3905
6979
4459
5101
8162
2738
2287
3239
3818
3826
2212
177
5177
6853
6954
5810
4239
5416
2772
2889
8024
1318
2248
410
6183
381
7285
7262
4971
1713
922
8254
4041
4953
1011
6211
3735
3543
6720
1097
5714
5320
748
1114
4758
4838
7547
810
7063
2564
6296
6880
2434
1966
4341
4161
965
3388
1659
6570
7941
738
1465
3122
3337
3266
7853
374
442
6312
7366
5225
3607
5717
4461
744
1017
6399
2632
1601
7353
6823
3149
4449
1268
3461
93
4302
4301
3159
6103
4704
7871
2877
1613
3942
6134
847
6929
1231
2796
3398
6077
3739
6086
199
8163
5785
8175
4988
5284
7114
4640
114
1529
6261
7321
1223
5944
2540
4373
226
3746
6278
6011
4719
7785
5368
6782
6104
1058
6015
7355
7140
5646
6872
853
928
7723
903
3013
4131
5150
1186
185
5102
6947
8
5476
7725
5670
2037
2952
3800
6440
824
3136
3296
5681
805
3134
2178
8266
6336
5862
6592
2568
996
1194
2429
477
6224
4846
1628
287
3936
3014
5346
5127
5285
2674
811
4624
4599
864
2353
777
4568
2782
2386
4167
2482
2271
2862
6226
74
1359
6973
8028
632
2580
6764
755
1404
5918
4643
4397
6961
4318
7807
5272
3438
4505
5340
5394
6891
1032
3400
7060
4408
2754
6496
1260
5820
4386
6186
6984
3843
1255
2533
610
2848
5363
1755
990
2382
4005
3614
6476
4470
6135
486
2123
4203
933
2472
7173
1783
5462
651
8187
5255
4257
2398
2630
5351
6999
7476
3114
6289
3636
1582
7240
6221
109
435
8017
5499
898
5819
5072
1052
4538
3974
2000
2229
7378
7249
7658
1062
3263
2368
880
2309
2204
3284
7105
5645
6991
4130
6916
7728
4519
628
417
7845
985
2038
7295
3850
3718
830
196
1559
8101
4545
3632
7829
5601
855
5603
5419
5352
3487
6774
3386
464
3864
4967
7363
6702
2730
8002
2695
3634
5844
1100
429
6871
822
7656
2217
1569
5803
736
1077
4536
4420
6058
6814
1744
839
8147
2147
6043
4563
4329
39
7654
1983
5415
3040
4280
7461
4586
4
5063
6472
1753
3577
1949
1657
5702
5856
5712
4950
2085
1174
5088
5908
1418
2571
7069
3740
6654
883
8135
2666
6867
4118
2264
3028
2629
5794
6866
3478
6442
7451
6419
2683
1781
3359
6377
1670
1274
4728
7789
4650
3802
7122
4332
3281
7661
90
4541
6648
5959
7823
2006
4481
5765
2681
7606
6939
5030
3804
1253
5900
7314
1248
7094
317
3168
4169
8179
5925
1415
5735
4454
8188
6907
3712
2032
8257
3158
2387
4396
4252
5905
174
7841
5050
7
7203
4450
958
1130
313
3687
2838
3202
1810
4383
7783
5397
328
395
4094
3950
5249
5418
6437
5543
3315
2924
6972
34
778
6404
6522
3042
6696
826
3319
121
1162
5838
239
7556
832
8136
2094
1257
6531
4489
3276
2513
7675
2700
5010
6215
1936
5996
5945
5937
67
1921
5323
6724
5487
5885
1606
3339
1164
6218
3892
509
6382
4307
7258
3515
7156
3047
901
689
7460
7212
1875
3886
8150
2960
7869
3747
1078
3394
3545
474
4040
6367
606
4157
7488
570
3933
1560
3729
1674
3996
7706
2585
5678
896
5774
6316
2765
3178
3161
6275
4890
6426
6530
6630
1006
4172
458
587
167
5200
370
1146
2325
4424
3129
1890
4587
2230
6588
5837
2558
4145
2829
6594
4851
5438
1390
2040
5129
333
8078
7712
4689
6157
7223
2805
5431
2590
8205
2068
5555
6102
7580
7352
3824
4238
27
2949
2030
7719
6466
2553
881
1729
3294
2018
6888
1540
2548
1361
4403
415
7282
6941
6035
5489
4726
6359
1139
650
8015
1453
6435
7953
2694
2897
4909
3362
6773
8016
5817
3369
6406
2092
8035
6982
6111
1545
4527
2283
5228
2213
5237
2511
3554
6976
3700
4895
135
4080
7857
341
564
5018
8199
116
4360
5921
4523
6612
4775
6240
7013
7736
1945
2192
3021
5643
6755
649
6860
7185
4296
7216
5710
2326
539
7897
7111
3274
268
2957
6341
6173
586
1436
211
7899
173
5584
5335
6742
4274
4565
5039
4740
3507
3044
2285
3165
3863
6827
6091
5467
6002
261
3025
4556
6617
6169
2627
3705
3074
6097
6554
1676
5585
3396
6332
2033
2226
5321
887
1585
6340
2053
4076
3174
7280
188
6533
5534
8139
7927
3797
280
5292
2880
1211
5510
1137
7638
7981
8073
3257
446
3881
3979
7085
8207
1403
2619
4526
5075
2120
4088
2453
1793
3151
993
2468
5328
164
7619
6791
6083
2528
491
5998
1694
5361
3377
6655
1629
8127
4013
246
7518
5040
3060
2875
5726
4618
6734
770
7584
4254
7775
3482
54
3455
3430
7767
7751
176
8001
3898
24
4848
4096
3773
3633
7718
4070
7744
2684
1650
2122
3279
3915
6510
857
4551
4328
2270
7809
2849
2967
7337
1220
80
8056
1990
6074
546
4485
71
3180
1533
8196
307
1263
7245
6852
5270
1972
7074
8140
1757
7928
1750
6005
1488
7507
7238
4249
3035
8214
2826
2014
3972
3433
6628
7110
64
7594
220
5008
5009
3668
3341
7434
5876
2537
7752
7867
3566
1846
1215
6675
3409
7856
7214
547
3317
6116
3303
6064
4488
1090
1119
3379
5968
4625
7874
5473
4861
3094
7414
240
4534
6624
4260
5588
3295
2077
1576
3876
7666
97
7250
7721
6597
1372
5165
3557
8181
804
5109
8030
6109
544
1241
6896
5796
4856
3419
2321
3046
76
3340
7972
6450
5377
6315
1947
2241
7116
871
7621
2384
6672
7858
3384
5877
7079
2556
8195
622
1677
110
7624
5210
7375
1848
7108
3961
752
5665
3387
5706
6044
6540
4785
2554
971
2400
6762
2311
4049
5655
1891
3910
4306
3943
7454
4697
5503
2448
7075
4783
3714
471
7526
4744
5259
7989
4869
577
7988
4972
4965
699
1406
1338
101
129
2063
667
1546
4371
3733
2752
919
2214
1898
279
2903
2734
4800
2169
5605
466
3742
1537
4152
5733
6772
4045
5769
4107
4435
1422
37
5227
3575
2640
3065
1910
3271
3841
4506
162
2207
5687
3254
4832
2254
2725
3671
3327
7537
4886
1149
1956
4923
6986
3833
60
461
2215
7327
1605
82
1329
6415
2806
3861
5389
4007
6993
7976
4379
1626
7524
3934
61
7002
41
6227
6681
6260
6521
3870
1902
5324
5086
140
2740
3895
553
609
4139
6420
1922
7448
3311
1806
6525
7514
4295
5308
227
2601
4720
5760
6030
1914
8040
4829
7395
5128
1509
8235
7755
7629
1620
7318
6279
2989
2904
282
7679
3868
4406
7825
2273
4462
1472
1304
821
1110
4711
3492
2019
5719
6913
562
6293
3049
5552
1911
2981
2359
5582
1396
92
5951
6239
7311
7477
302
2378
3474
2056
1244
2312
391
7289
1103
15
4737
5515
210
1284
4117
8130
7975
1491
6798
5729
2649
791
6159
7986
3856
4101
4314
2479
2236
5517
1008
2444
2322
5154
3555
6887
5904
1133
5263
7960
4673
55
7082
4029
3171
1779
5097
2578
7386
350
6547
1833
1075
3432
5901
7949
6128
6536
7855
96
2636
156
1275
7801
5123
2534
1637
4911
3195
3466
448
6456
2493
6269
7517
4595
1970
7474
2328
7746
4160
7107
7889
8225
2104
214
5144
5384
885
2597
7294
5231
7820
906
1200
3695
4075
3650
7343
5627
5505
3862
7361
2559
8174
5709
1740
605
5541
2158
6065
8096
7022
3684
2010
1733
2746
4634
1015
2334
4564
7961
6659
1778
3001
3920
2977
5283
6136
6843
5171
3069
2768
3141
5491
2221
5187
5914
4920
5264
2660
7431
4394
3637
7038
1667
349
5530
7637
7777
2318
2299
7601
4772
2525
4299
3959
4850
228
2357
7831
8089
8203
6310
759
7011
7998
7233
629
4410
2966
513
7892
1671
4221
4768
5612
4951
1297
6366
1739
5570
1427
6538
5902
7536
2802
2396
3360
3105
2421
6512
1272
1205
6160
248
5835
4658
4019
7265
1683
6944
3771
4103
7781
3096
7293
7652
2547
7399
225
6229
2171
8219
716
1378
2419
5390
2126
3893
7426
2426
1184
7019
3353
3112
5669
6200
5854
8022
5111
6202
7865
5569
2532
1614
1301
5911
411
4765
339
3960
4608
6019
3852
13
7600
4234
2062
796
3716
1942
3490
3062
873
1201
7420
6023
5692
7292
591
230
6228
1515
7158
1113
6297
1589
6194
6304
4683
749
1539
5546
7742
3988
2089
281
6007
2779
8189
7942
1328
4259
3273
6054
5344
7142
505
2055
2622
684
1526
1858
4581
4666
1123
8037
714
5980
1425
3990
3316
3751
2773
7284
6955
4657
5472
3053
498
5736
5623
3355
5509
4904
7442
5614
1681
5090
5581
7617
4713
5448
3493
6902
5405
1992
2302
5790
1490
3125
1050
7603
2054
3404
2883
3926
1853
3822
2027
7724
4912
2701
2948
2722
6635
7371
4400
3616
3901
5553
5708
951
2576
2193
5395
8050
3109
5310
980
6063
1831
930
1816
2109
7444
7682
7967
4716
7151
3258
6589
753
4807
6189
4926
6455
6100
4344
5673
578
8234
1724
6372
6498
1635
62
671
5168
4594
5409
4524
148
4046
4824
3142
5636
4256
709
603
1856
7376
695
4235
788
7357
59
3237
2778
7359
2514
7571
3017
2324
4924
1817
1544
5091
6140
6698
5241
1081
7255
850
3150
4370
5831
3057
5443
7478
6513
7222
1646
3147
402
7015
3222
7653
4414
6549
2997
95
4491
2592
5855
4025
4769
4749
5950
5641
6069
3593
5453
3230
556
4693
2851
5640
4885
5919
2579
3912
149
330
5533
6862
3525
4457
2041
7554
4781
6220
6384
5737
882
2881
4479
7919
3630
63
5966
3219
3639
309
3842
6398
6714
4416
2461
7784
8151
2144
1882
3333
4304
3992
7644
31
6962
5159
6606
48
1156
3604
6653
1795
5671
7886
6131
4356
2078
1144
3030
5253
5521
7948
1933
4937
2925
4938
5545
2341
5208
5239
3776
3598
2034
725
8229
1562
4313
2417
946
311
3390
2544
5133
7903
4141
3849
3205
6769
290
2243
2422
1295
2452
524
6663
3717
890
2320
2494
126
4264
52
8267
4015
2432
3002
8245
4841
4631
792
7646
4577
263
7172
1592
1968
6348
7010
6401
4542
385
6608
7693
6053
6429
1736
3179
7592
2745
4876
2870
5544
734
8211
4494
5424
3055
8247
6232
4836
6566
7731
3846
6899
8237
4091
5260
2175
2818
3832
4359
388
1786
6490
1451
5875
7798
4715
4557
5845
23
3006
7206
2159
2508
593
4421
6009
3322
5768
6242
3128
7226
5680
8021
7515
6122
5840
6191
7838
3977
6662
2276
2210
1863
6392
6471
3227
2685
4905
3370
1426
99
2180
5988
3540
3983
4333
3511
1467
6254
7253
7596
1746
1086
5973
5474
3462
6010
704
6504
5234
7017
4828
7676
6132
7031
7000
1084
2205
6667
7176
4223
5982
5897
952
3378
1027
859
5520
344
6934
6431
2491
659
5007
7326
3995
7726
4353
6638
500
1448
4113
2365
8065
5626
639
4696
7090
1722
1876
1377
1470
1534
5056
5238
2895
7234
3711
8250
2986
3821
7135
5174
7905
3275
5001
6004
2187
760
8240
7842
7324
5033
4179
7464
334
1051
1901
7469
1190
6969
332
4312
7901
6678
197
6770
1517
414
2959
657
2961
6248
4021
5246
6892
6125
7945
5695
968
6684
6127
1752
7164
1588
2173
6807
2561
3526
3008
7184
711
4384
3738
2380
4656
2237
5633
1210
2828
7765
5047
2800
2339
6212
5986
6143
7007
5493
4282
1609
2162
4826
5537
3009
1712
6110
1642
5463
1180
4230
6118
5866
3940
6699
6545
7896
284
4919
6444
168
7992
5542
7895
1189
1293
2057
6758
1252
2813
5094
1495
2436
2133
7317
7541
7582
4918
3689
3253
1940
3538
837
4058
8165
8128
6439
1496
7668
3243
920
852
5402
6369
6057
7793
4121
2383
6948
3532
6837
7272
6251
4646
7849
5767
1919
7678
3007
4044
3911
4415
1368
1727
7368
1188
137
3145
7690
763
1311
7630
4460
6389
4572
7048
6115
1907
1055
6715
5113
6971
7093
5411
7699
1292
0
6170
7667
21
310
6301
6489
3280
7559
3879
25
5913
6093
6562
1066
5387
5753
2929
1233
6665
384
3063
3582
224
2769
6728
1232
2784
3982
5179
4986
4794
7047
2499
4796
794
1866
2741
3328
5079
26
3534
3508
2415
4233
7466
1666
2450
5456
4684
6090
7651
790
8138
7146
5808
3651
1893
6783
4027
740
1054
2727
7833
8007
6918
6933
7207
4627
2251
5480
1479
5211
1938
5754
7911
372
4943
3795
5989
5083
4064
5787
6964
7887
4944
4428
3753
7128
6016
3694
4695
2045
3608
4872
1943
1214
3622
4992
983
3113
5690
4654
6182
4834
1089
6313
4419
3471
1420
3363
1883
1432
6492
5741
5991
1243
2372
3445
6553
6445
2184
7923
5852
3793
7423
625
4092
1718
621
2970
3392
735
2003
460
6175
33
2803
675
2099
2710
7163
1346
637
7861
4941
4706
2888
2135
634
2239
2864
540
4162
2940
886
438
7089
7195
6436
803
3332
165
7356
973
3777
5752
8102
2794
988
2288
249
7157
673
4668
7016
8047
4975
6250
3107
8095
2756
5562
2096
5849
6818
5058
5492
2231
6357
1616
4246
7553
2351
7811
104
3647
5142
1221
1185
6666
6453
336
8261
3477
1370
3287
1245
2196
7610
2240
692
7964
2500
2811
4767
4531
924
5413
7288
5027
421
1962
6503
6688
3981
7805
1007
1106
5611
6517
4603
17
8085
5724
8088
7433
6879
7479
5907
6906
2496
2635
5386
6451
4893
2815
4245
1699
3929
5055
2713
6576
7023
194
2545
1
537
3489
617
1776
6978
5382
58
6571
5429
3624
8055
3815
3092
6475
7979
7735
316
3953
193
3517
4322
6832
1324
1161
6414
3110
2520
6334
7792
293
5525
630
2067
5764
1397
1018
4443
1333
3903
6354
6754
7150
400
4216
7737
454
1774
139
7940
2879
7907
5738
4194
1296
4217
5551
5511
3075
1492
4888
7344
6950
1985
1083
2804
3299
5954
3067
4742
2664
7037
4655
3765
4365
2901
5867
2327
3887
5049
580
6479
396
6246
7771
1996
677
2515
7545
2134
1357
4204
1126
6329
4880
2394
1751
1830
3521
1402
7187
3301
2807
7628
4433
1567
1872
4782
5122
4191
4931
3619
2250
6008
6073
1281
5105
3441
1384
1873
8153
6593
5625
8119
7197
3713
2406
5160
3269
3429
259
4099
3707
6059
6306
1192
4417
1152
751
2853
77
3924
4583
4813
6072
5994
4241
4468
3748
3847
685
6851
761
1212
6105
2293
2693
6952
8148
7509
6342
4925
5689
3660
1454
784
5078
6602
36
2906
7770
4802
2732
4621
2892
7664
1503
5410
4874
5720
8167
6067
1587
1558
4399
7830
3831
7097
5277
2097
705
1227
4476
3452
288
180
1321
2735
4501
2857
6868
3781
611
8097
4957
5430
780
2163
6061
7033
7281
278
4311
2016
2199
2306
3133
7873
2781
6703
1611
258
2724
5406
6106
198
4407
5442
4098
6018
4354
133
5793
3428
6824
7008
7501
6387
6572
1549
6494
7134
4671
6376
6144
1663
7634
7441
5252
7561
1487
7685
508
4323
1975
5563
4897
6192
8157
741
6164
2013
3454
3358
4875
7525
3897
2552
8170
2497
4116
4811
6430
4404
2747
6529
6849
1790
3807
1645
6537
4863
1414
3334
1698
2944
7631
6552
7308
1797
7449
2418
1478
5311
6587
1016
6749
1935
3090
8083
141
5479
106
6621
5933
8090
4266
3880
2281
4645
4048
2984
4231
2447
5138
6193
2678
2990
874
6975
4540
672
4516
935
3610
1035
1314
4208
8013
5728
1082
431
7695
3541
5634
4188
3143
3754
4508
7367
2025
6789
1128
2531
1905
7773
5029
6874
6263
166
2280
7577
8014
5488
1203
4823
4949
1644
1636
7243
6288
6581
4251
4701
5498
7648
6968
3968
7290
7730
4097
8258
4144
5151
2313
1550
6314
6752
3678
8222
798
2050
4401
2743
2518
6273
2367
869
4984
4585
7914
5890
2774
3213
1602
4210
14
6784
2153
160
6291
1528
5015
7563
6154
8141
4171
3976
1392
3737
252
4182
6012
7229
2235
809
5578
4871
7076
856
3335
379
6060
1678
888
2739
843
7827
3769
5379
8059
2128
1001
8106
5815
6558
6988
7590
1366
338
7388
6685
4533
6287
1868
7244
6697
5547
2814
4571
1594
5248
5928
1553
3220
7764
948
6495
6679
6541
2971
5879
5674
7496
6390
6861
5147
6842
2149
4562
6487
4243
2364
504
8051
6647
4626
7649
1419
7944
7872
3304
1345
5207
4002
2521
845
7776
6080
7408
6281
2591
7061
660
5598
7006
7772
3656
4947
4300
6465
5360
274
1332
576
7616
3262
1424
6709
7064
434
7389
3397
1000
7870
4743
5290
7497
6568
1989
315
1915
5095
2007
5939
2103
8052
3116
2252
5205
4982
3167
4616
3018
7045
3029
6946
1792
6117
4633
6831
441
3768
6914
6856
5074
6839
6565
7591
8094
16
237
7671
712
6101
4632
6006
2890
120
6712
4932
1183
3431
872
2020
966
3486
6793
3282
5865
943
793
1520
3512
7030
1474
3547
5667
8116
4050
6347
4578
3376
8099
8092
2850
8123
6670
3447
7236
7438
7264
5457
5216
1850
73
6671
7893
5092
7117
151
3516
3117
8104
595
2555
6272
944
155
893
6244
1371
5271
1256
2106
3251
6425
4910
8077
549
6751
8197
1687
8004
854
5475
3210
2742
3652
2614
3513
7339
1572
7705
2189
6034
6268
4189
1155
5610
5103
2152
3350
6210
6613
1267
8202
6364
2766
6197
3774
4036
1564
5731
5624
7270
163
7657
7103
3093
820
3084
713
6290
2582
687
1276
1405
8108
4956
1439
401
5048
6201
7762
1871
366
6693
5486
6094
6883
6682
3185
3264
4142
8072
5987
3127
6454
6052
1429
4771
6184
7115
255
4691
6190
560
7754
6674
6461
5131
2987
6705
7854
2787
3649
5013
6695
4186
747
1134
433
1874
7268
3027
8137
65
5388
5403
5345
5506
772
7662
6938
2753
6079
3259
5812
559
5825
6759
8012
5617
476
4591
5789
4155
4197
6863
4292
3732
4954
2083
1946
4389
2408
884
5829
2933
5093
5586
324
5619
1957
3756
1612
3083
6323
7081
2844
3645
7383
7508
7403
6809
5334
2509
4308
2824
596
6370
4066
1892
7924
6909
2946
842
2017
2792
1234
1039
2319
4537
2260
507
7486
6660
3144
4247
1239
6388
5303
6711
3496
6925
7839
2431
1565
7734
1022
1423
5305
6107
3000
297
4378
8133
7881
271
5881
6710
7170
6379
6137
4146
4913
7521
5648
5935
5587
3058
2530
648
3194
2132
5691
6706
6225
1430
7169
7182
11
216
4039
7759
7970
2087
4338
7692
3835
6987
3805
3326
4777
4922
6897
2846
337
5401
4062
4755
3888
7382
4593
1179
6258
3931
4530
1869
7800
7183
8063
6024
7035
5572
7680
6298
700
7499
6014
6781
1566
5485
5169
7034
4242
7083
5042
7990
724
5860
1222
5256
1059
1048
1259
6551
815
7452
6817
5846
5206
4620
2177
4343
70
987
6745
7291
5813
1456
2617
1401
6488
2036
2550
4135
232
2151
7057
292
6756
6307
7938
7502
1502
7139
5589
1063
7418
825
231
4969
4762
6930
4907
7113
7301
2795
2854
4119
7450
1376
3206
3356
8120
7254
2124
3140
8084
5096
5682
5188
7686
306
1917
1518
3108
4150
5137
3401
2435
3177
1768
4933
1939
6912
3710
6869
186
233
3361
584
7112
1960
739
1625
5778
6324
1987
4959
7091
6349
5650
7713
3591
2835
1163
2140
1400
2174
5295
6292
387
1469
4990
3640
8218
7467
7210
7132
3530
8070
4725
2603
6247
6575
4442
3033
5268
2086
6283
181
532
2973
589
6788
6343
3907
1634
422
7888
4736
4898
2833
3676
7286
5500
4486
4710
6241
5924
512
264
1122
4733
5329
1195
833
7894
6795
100
4894
8076
4676
6990
5857
1438
1463
2723
1167
666
1641
6330
4085
3346
7315
470
3026
800
3442
1521
1501
3799
2279
2573
6179
6264
6271
6333
8131
7380
9
2416
680
1127
3050
6998
3814
440
7544
3154
1732
4840
6055
6905
3944
6767
5302
5889
8244
3224
380
2755
475
5469
1762
7312
1717
3819
6282
6584
7218
3148
2837
2720
3853
4388
6881
2028
1782
325
1773
1409
2052
2535
1835
4393
4109
7491
3189
7936
8260
355
4729
7456
3549
6761
4815
2198
1187
2625
4513
1507
285
7803
2872
7647
1385
3312
312
5776
3137
4319
3965
5052
4981
2721
6168
8105
3123
2999
1067
2672
5371
7404
2343
6669
1842
7168
5017
245
1510
812
5392
119
1070
3882
823
2307
6637
1480
3199
3744
2980
3395
3499
5180
7472
6028
3435
6574
5483
5219
2467
5851
1767
6816
244
3146
5770
1181
5874
6591
5577
3323
8087
4830
5609
3809
5784
5417
1595
1522
1703
3208
1760
3537
8103
5478
6133
6048
4072
5036
2789
5740
3268
1442
1845
701
3927
7513
1704
6112
2220
8113
3685
3820
981
4273
3506
1484
2002
3883
5529
8155
4735
7458
5089
8100
594
3648
7429
7846
456
2102
3615
7844
4158
702
3770
5807
2788
7915
8200
3719
7211
3265
1765
3503
6209
633
1499
5291
7092
4791
1037
4411
4471
6687
3666
6158
3956
3539
4520
7088
7912
6049
2702
5235
1941
5771
4493
6921
6147
4596
3348
7597
3731
7863
3542
4528
1159
3119
7763
818
6936
868
7918
5313
1820
1367
5616
2051
1721
1696
308
557
6365
5288
8049
1887
5607
8033
7480
2733
551
5574
8224
4352
212
2841
2303
4884
3878
6373
4917
5791
1955
8166
3041
7054
910
5564
2363
2758
7100
295
5693
3745
1044
6350
4115
6649
2677
2330
1824
1692
8112
4960
3572
351
6821
7005
7036
7198
2071
6858
18
3840
3099
1196
5286
3859
3657
7415
940
7274
7123
2516
1731
5783
1702
6965